80 80
32 80 31 18 8 60 79 66 23 27 77 51 27 33 60 30 18 68 29 1 23 15 31 6 54 37 2 22 41 16 37 73 47 29 46 74 18 70 10 25 32 0 54 77 33 10 80 62 66 75 9 72 56 62 39 25 32 76 60 22 14 61 53 63 50 49 44 25 2 11 27 32 24 10 4 23 35 31 10 25
21 46 25 3 2 22 31 74 9 11 67 14 55 72 51 31 68 76 45 5 79 74 14 48 75 26 21 42 32 36 61 56 29 73 10 15 64 51 61 38 27 36 7 30 75 35 48 33 65 31 12 66 61 14 22 3 8 35 24 59 6 28 67 32 61 11 64 30 17 12 10 21 78 28 33 18 76 21 25 67

80 80
13 20 40 30 55 50 10 59 59 62 53 61 31 24 68 70 78 19 13 10 16 79 51 79 37 12 18 68 61 40 46 66 28 67 22 41 71 59 42 11 19 13 3 50 66 56 42 48 41 76 4 5 7 66 9 68 52 16 22 50 60 20 68 44 36 16 5 62 4 25 63 44 36 25 16 28 12 19 54 58
4 24 15 74 37 4 53 14 6 46 47 17 77 48 79 11 76 3 50 61 4 65 68 4 14 48 27 33 43 0 71 35 34 60 55 34 74 22 65 2 46 14 61 46 35 37 80 80 3 80 46 70 29 30 4 24 50 25 43 33 57 73 20 65 53 5 75 26 28 39 55 44 43 19 6 46 41 50 10 52

2 5
4 2
2 1 1 1 0

2 3
2 4
1 2 1

10 5
0 0 0 0 0 0 0 0 0 0
0 0 0 0 0

80 80
13 20 40 30 55 50 10 59 59 62 53 61 31 24 68 70 78 19 13 10 16 79 51 79 37 12 18 68 61 40 46 66 28 67 22 41 71 59 42 11 19 13 3 50 66 56 42 48 41 76 4 5 7 66 9 68 52 16 22 50 60 20 68 44 36 16 5 62 4 25 63 44 36 25 16 28 12 19 54 58
4 24 15 74 37 4 53 14 6 46 47 17 77 48 79 11 76 3 50 61 4 65 68 4 14 48 27 33 43 0 71 35 34 60 55 34 74 22 65 2 46 14 61 46 35 37 80 80 3 80 46 70 29 30 4 24 50 25 43 33 57 73 20 65 53 5 75 26 28 39 55 44 43 19 6 46 41 50 10 52

80 80
78 68 55 62 35 50 25 79 1 34 68 37 46 56 26 35 25 16 33 60 36 27 50 62 79 17 46 45 3 26 40 12 40 24 33 42 39 22 27 56 37 36 27 25 73 21 76 10 69 53 10 54 31 43 37 12 57 36 39 71 52 45 14 45 47 63 1 23 19 35 36 18 30 1 78 66 34 39 58 51
34 11 71 23 55 21 18 55 24 26 11 15 11 5 7 2 71 69 74 77 76 33 65 34 49 5 10 60 41 39 73 59 77 76 63 33 74 38 17 66 53 71 11 70 6 5 46 55 11 15 6 35 26 26 26 20 67 7 76 79 14 23 77 29 68 53 64 76 78 8 51 76 15 5 32 53 4 67 0 15

46 46
38 28 30 13 25 43 39 3 21 4 8 23 29 17 26 10 40 37 8 19 8 30 25 1 33 18 14 43 39 13 27 45 25 1 24 21 5 30 45 13 26 1 31 13 15 14
5 40 4 9 11 16 17 9 15 4 27 29 7 4 9 37 30 9 46 14 10 36 36 43 0 26 24 2 7 28 23 26 29 41 19 41 39 21 24 32 2 37 36 10 43 44

80 80
0 0 0 0 0 0 0 0 0 0 33 80 80 80 80 80 80 80 80 80 80 80 80 80 80 80 80 80 80 80 80 80 80 80 80 80 80 80 80 80 80 80 80 80 80 80 80 80 80 80 80 80 80 80 80 80 80 80 80 80 80 80 80 80 80 80 80 80 80 80 80 80 80 80 80 80 80 80 80 80
69 69 69 69 69 69 69 69 69 69 69 69 69 69 69 69 69 69 69 69 69 69 69 69 69 69 69 69 69 69 69 69 69 69 69 69 69 69 69 69 69 69 69 69 69 69 69 69 71 70 70 70 70 70 70 70 70 70 70 70 70 70 70 70 70 70 70 70 70 70 70 70 70 70 70 70 70 70 70 70

3 3
3 0 0
0 2 1

10 10
5 0 7 9 7 4 4 3 9 1
8 9 2 3 0 8 5 5 2 7

5 8
4 7 7 7 8
5 5 5 2 3 3 5 5

9 9
7 8 9 2 7 3 1 0 6
0 5 6 6 6 9 6 1 4

2 2
2 0
2 0

8 8
8 2 5 0 7 7 0 5
5 0 6 5 5 3 7 3

80 80
11 60 33 62 41 73 26 0 29 78 59 37 69 22 52 66 77 57 55 62 75 71 76 15 23 48 25 73 37 76 45 74 33 2 16 46 9 76 49 72 64 58 31 79 60 52 10 66 21 13 41 61 18 45 27 64 56 17 20 38 53 37 40 18 31 32 10 3 3 4 14 78 57 57 42 25 9 34 52 53
24 79 9 29 45 19 31 18 5 14 62 11 40 14 78 15 39 4 67 57 14 1 30 75 48 68 41 23 76 28 55 63 59 75 70 58 1 61 50 35 75 70 24 75 56 67 35 43 3 55 12 35 47 75 35 64 50 43 16 41 48 73 79 60 71 55 64 22 69 54 37 12 41 17 36 18 45 31 51 8

4 3
3 0 3 3
2 3 4

10 10
3 4 8 9 7 6 8 8 3 0
0 9 9 6 9 7 0 5 5 6

7 7
5 0 6 2 3 6 3
5 5 7 0 3 3 2

4 4
2 0 3 0
3 2 0 0

4 4
1 3 0 1
0 3 2 0

4 4
2 1 4 2
4 4 1 0

3 3
1 2 3
3 0 3

80 80
80 80 80 80 80 80 80 80 80 80 80 80 80 80 80 80 80 80 80 80 80 80 80 80 80 80 80 80 80 80 80 80 80 80 80 80 80 80 80 80 80 80 80 80 80 80 80 80 80 80 80 80 80 80 80 80 80 80 80 80 80 80 80 80 80 80 80 80 80 80 80 80 80 80 80 80 80 80 80 80
80 80 80 80 80 80 80 80 80 80 80 80 80 80 80 80 80 80 80 80 80 80 80 80 80 80 80 80 80 80 80 80 80 80 80 80 80 80 80 80 80 80 80 80 80 80 80 80 80 80 80 80 80 80 80 80 80 80 80 80 80 80 80 80 80 80 80 80 80 80 80 80 80 80 80 80 80 80 80 80

80 80
75 68 58 66 35 55 18 78 1 35 69 42 51 58 24 35 17 6 34 63 38 24 52 64 77 7 51 49 3 23 47 5 46 15 33 49 46 13 31 60 42 38 26 23 71 12 71 4 70 56 3 57 31 48 35 5 62 38 47 72 56 50 6 48 52 66 0 12 11 35 37 7 32 3 72 68 34 47 61 56
40 13 63 26 56 25 24 56 29 30 13 18 15 3 8 0 63 62 67 69 68 39 61 41 50 3 11 56 45 44 65 57 78 74 57 40 68 41 21 61 54 64 12 63 4 2 45 56 14 17 3 41 34 37 31 25 61 7 75 79 16 26 73 38 61 56 59 70 79 9 52 68 19 2 39 53 2 61 0 18

80 80
36 38 15 78 62 24 65 57 13 34 40 16 4 1 79 68 70 74 17 5 43 20 5 33 26 70 3 63 52 16 32 36 68 41 33 57 57 38 15 12 48 37 25 45 70 23 67 62 52 23 35 78 62 12 28 56 72 23 68 58 47 44 26 12 60 1 52 75 57 5 66 67 23 23 9 58 53 31 5 77
29 7 17 3 65 50 80 1 72 42 21 78 52 77 21 47 24 45 33 68 7 49 62 56 52 40 61 51 67 33 4 55 29 67 16 5 22 6 33 78 30 36 33 72 54 18 62 72 71 37 61 0 62 10 46 35 38 71 39 35 63 28 10 22 6 4 17 51 71 34 38 29 40 15 13 72 43 51 76 61

76 76
5 21 51 70 7 3 67 60 39 41 51 53 29 39 47 71 69 7 47 52 54 12 8 75 46 9 74 6 1 67 48 1 11 41 7 37 36 63 3 16 56 61 16 76 28 74 37 59 49 18 2 13 75 18 67 10 0 55 44 20 44 69 30 8 37 32 35 48 2 76 47 16 11 45 48 62
36 16 51 40 69 50 44 15 60 20 49 36 38 23 36 25 49 6 64 43 56 21 13 67 22 10 58 51 29 45 25 38 26 47 32 71 4 49 18 49 13 2 7 10 13 61 46 56 75 19 49 73 13 49 49 8 57 40 46 69 48 33 53 18 56 18 45 62 6 34 6 68 53 17 14 45

52 52
44 41 4 43 20 40 36 37 16 51 7 28 50 24 25 29 26 36 13 7 26 51 26 45 20 52 34 6 10 35 39 39 21 48 12 41 44 11 31 0 23 9 31 4 52 43 30 48 8 31 26 5
28 33 22 26 36 27 8 49 7 43 4 51 38 39 39 44 25 35 12 32 10 34 51 17 21 48 42 20 5 14 38 51 15 22 39 17 12 40 38 7 7 5 45 47 28 38 51 2 41 18 22 35

70 23
0 0 0 0 0 0 0 0 0 0 0 0 0 0 0 0 0 0 0 0 0 0 0 0 0 0 0 0 0 0 1 0 0 0 0 0 0 0 0 0 0 0 0 0 0 0 0 0 0 0 0 0 0 0 0 0 0 0 10 23 23 23 23 23 23 23 23 23 23 23
11 11 11 11 11 11 11 11 11 11 11 11 11 12 12 12 12 12 12 12 12 12 12

66 31
0 0 0 0 0 0 0 0 0 20 31 31 31 31 31 31 31 31 31 31 31 31 31 31 31 31 31 31 31 31 31 31 31 31 31 31 31 31 31 31 31 31 31 31 31 31 31 31 31 31 31 31 31 31 31 31 31 31 31 31 31 31 31 31 31 31
56 56 56 56 56 56 56 56 56 56 56 57 57 57 57 57 57 57 57 57 57 57 57 57 57 57 57 57 57 57 57

33 46
0 0 0 1 0 0 0 0 0 0 0 0 0 0 0 0 0 0 0 1 0 0 7 46 46 46 46 46 46 46 47 46 46
10 10 10 10 10 10 10 10 10 10 10 10 10 10 11 10 10 10 10 10 10 10 10 10 10 10 10 10 10 10 10 10 11 10 10 10 10 11 10 11 11 11 11 11 11 11

80 80
0 0 0 0 0 0 0 0 0 0 0 1 0 0 0 0 0 0 1 0 0 0 0 0 0 0 0 0 0 0 0 0 0 0 0 0 0 0 1 0 0 0 0 0 1 1 0 0 0 16 81 80 80 80 80 80 80 80 81 80 80 80 80 80 80 80 81 80 80 80 80 80 80 80 80 81 80 80 80 80
30 30 30 30 30 30 30 30 30 30 30 30 30 30 30 30 30 30 30 31 31 30 30 30 30 30 30 31 30 30 30 30 30 30 30 30 31 30 30 30 30 30 30 30 30 30 30 30 30 31 30 30 30 30 30 30 30 31 30 30 30 30 30 30 31 31 31 32 31 31 31 31 31 32 31 31 32 31 31 31

59 59
39 2 55 49 12 43 26 37 56 28 30 37 24 36 12 53 16 21 12 14 14 8 3 42 46 56 24 45 48 16 31 41 29 10 30 9 9 8 25 16 0 50 20 40 28 3 20 31 46 27 0 3 37 57 0 55 20 10 25
48 55 32 21 26 9 20 3 52 16 0 52 21 56 21 5 35 17 52 29 38 12 38 0 7 28 43 21 30 34 52 21 46 41 13 12 15 5 38 6 56 11 34 6 46 41 9 8 50 52 43 38 17 34 23 1 14 25 6

56 56
45 36 40 49 31 36 18 51 39 9 25 52 51 5 26 15 6 31 45 26 18 7 4 3 21 1 21 37 26 24 54 8 16 47 33 27 7 3 13 30 3 8 30 53 24 54 31 14 50 10 28 11 36 6 46 9
38 8 34 14 56 0 12 6 40 24 25 9 0 51 32 36 18 26 8 15 19 12 19 44 12 3 24 18 29 22 55 48 14 12 55 40 41 34 12 32 10 52 13 7 32 39 30 4 18 50 42 37 2 34 46 36

80 80
0 0 0 0 0 0 0 0 0 0 0 0 0 0 0 0 0 0 0 0 0 0 0 0 0 0 0 0 0 0 0 0 0 0 0 0 0 0 0 0 0 0 0 0 0 63 80 80 80 80 80 80 80 80 80 80 80 80 80 80 80 80 80 80 80 80 80 80 80 80 80 80 80 80 80 80 80 80 80 80
34 34 34 34 34 34 34 34 34 34 34 34 34 34 34 34 34 35 35 35 35 35 35 35 35 35 35 35 35 35 35 35 35 35 35 35 35 35 35 35 35 35 35 35 35 35 35 35 35 35 35 35 35 35 35 35 35 35 35 35 35 35 35 35 35 35 35 35 35 35 35 35 35 35 35 35 35 35 35 35

76 35
0 0 0 0 0 0 0 0 32 35 35 35 35 35 35 35 35 35 35 35 35 35 35 35 35 35 35 35 35 35 35 35 35 35 35 35 35 35 35 37 35 35 35 35 35 35 35 35 35 35 35 35 35 35 35 35 35 35 35 35 35 35 35 35 35 35 35 35 35 35 35 35 35 35 35 35
67 67 67 68 68 68 68 68 68 68 68 68 68 68 68 68 68 68 68 68 68 68 68 68 68 68 68 68 68 68 68 68 68 68 68

54 16
0 1 0 0 0 0 1 0 0 0 0 0 0 0 0 0 0 0 0 0 1 0 0 0 0 0 0 0 0 0 0 0 0 0 0 0 0 0 0 0 0 0 0 0 0 0 0 1 0 1 6 16 16 17
3 4 3 3 4 4 3 4 4 3 5 4 4 4 4 4

27 24
24 24 24 24 24 24 24 24 4 0 0 0 0 0 0 0 0 0 0 0 0 0 0 0 0 0 0
9 9 9 9 8 8 8 8 8 8 8 8 8 8 8 8 8 8 8 8 8 8 8 8

9 2
1 2 1 2 0 2 2 1 2
6 7

7 1
0 1 0 1 0 0 2
4

6 6
3 3 6 4 3 0
5 5 5 2 1 1

6 9
7 8 9 9 6 6
3 5 4 7 3 6 6 6 5

10 1
1 0 1 1 1 0 0 1 1 0
6

7 8
4 6 5 4 2 4 6
5 4 3 5 6 3 2 3

3 2
2 1 2
2 3

10 8
4 3 5 4 4 5 4 4 3 3
3 5 4 3 5 8 7 4

7 1
1 1 0 1 1 1 1
6

10 10
9 9 9 9 8 7 8 7 11 8
9 6 9 11 7 8 9 8 9 9

2 2
1 0
1 0

10 10
1 4 9 4 2 5 8 0 7 6
3 1 4 1 8 7 7 5 2 9

80 80
37 44 21 69 68 20 32 30 31 27 47 53 30 19 37 48 41 25 4 35 51 51 64 1 43 31 58 21 4 45 71 59 16 28 26 14 29 23 74 17 24 37 51 7 6 58 70 31 57 54 55 68 19 79 50 46 1 31 5 22 9 34 80 48 12 55 35 5 26 46 7 73 46 32 75 57 43 49 7 39
23 11 11 78 60 69 10 53 20 69 69 18 68 37 28 74 2 36 31 43 67 63 54 56 16 11 80 25 8 2 51 10 5 65 33 45 10 12 20 42 24 32 58 74 7 35 35 62 40 11 27 1 2 76 56 78 43 65 14 2 10 52 11 40 49 4 20 71 37 70 15 6 36 66 59 65 5 68 4 78

8 8
3 3 5 5 2 6 1 5
5 6 3 2 6 3 3 2

3 3
3 2 3
3 3 2

80 80
61 58 57 61 61 60 48 65 49 60 67 53 58 55 60 64 61 58 66 64 68 65 55 62 60 54 63 64 50 59 56 57 63 65 49 64 63 60 64 63 68 61 58 65 57 66 55 55 58 61 58 61 57 63 60 62 61 63 59 49 57 64 64 60 59 63 58 60 61 58 65 53 60 59 61 61 57 64 58 62
52 66 62 61 63 58 59 65 63 57 62 56 54 58 56 65 59 59 63 62 60 59 58 60 59 58 57 63 59 62 62 63 67 56 60 59 67 60 59 60 59 63 65 63 64 61 62 61 57 64 56 57 63 58 56 58 58 64 55 63 61 57 58 52 60 55 65 59 57 63 53 61 51 64 59 51 60 63 67 60

4 5
4 1 5 3
4 4 1 1 3

10 9
4 5 4 5 6 9 4 3 5 4
3 6 3 7 6 7 5 6 6

75 75
30 69 23 45 43 52 35 11 53 2 73 19 0 40 55 7 48 61 73 60 1 65 23 29 25 38 71 70 54 63 47 14 62 28 68 60 47 71 35 43 44 53 37 0 33 2 43 16 24 63 2 57 56 68 35 31 60 40 30 6 22 19 18 35 18 67 66 43 52 31 22 45 54 54 75
12 34 29 6 42 12 67 65 67 1 35 53 48 15 55 9 27 54 67 20 60 3 68 41 16 56 50 64 69 19 39 43 65 10 69 66 29 69 19 11 66 73 32 19 67 21 60 22 7 39 25 69 14 54 1 29 43 52 64 48 72 54 47 30 41 60 3 39 58 32 47 62 66 5 29

9 5
4 4 5 3 4 5 3 4 3
7 6 6 8 8

7 4
4 4 3 4 4 4 4
7 5 7 8

1 2
1
0 1

7 7
2 0 5 3 7 1 7
5 3 2 2 3 6 4

7 7
1 0 7 1 3 2 6
3 4 6 2 2 1 2

9 10
4 4 5 3 6 4 4 4 4
3 5 3 5 3 5 3 3 3 5

7 6
4 5 3 4 2 4 6
4 4 4 6 6 4

4 2
1 0 1 0
1 1

1 3
3
1 1 1

7 2
1 2 1 2 1 2 2
4 7

2 6
4 4
0 1 2 1 2 2

2 10
6 6
2 0 1 2 2 1 1 1 1 1

2 1
0 1
1

73 73
38 51 32 73 8 15 55 6 56 53 25 18 2 63 58 7 30 60 67 12 15 1 47 51 11 4 20 53 13 41 2 39 31 65 0 29 2 69 68 43 44 35 60 35 60 69 40 57 25 72 44 50 29 66 29 65 34 39 53 2 21 54 64 53 67 21 22 67 45 32 58 5 47
2 45 19 72 67 26 31 18 62 40 50 57 56 59 9 32 29 42 12 35 16 61 37 5 53 29 35 13 62 65 52 4 59 40 2 52 43 40 46 11 29 71 1 2 52 36 43 34 39 26 13 8 66 64 56 50 50 28 60 67 57 16 31 57 47 22 21 13 20 55 50 62 63

1 7
4
1 0 0 1 0 1 1

10 9
3 2 7 4 5 6 5 3 4 5
4 7 5 4 5 5 2 7 5

8 8
7 8 3 8 3 8 8 6
8 4 6 8 6 8 5 6

9 9
5 4 3 6 5 6 6 8 4
8 9 1 6 0 9 1 9 4

10 4
4 3 2 3 3 5 4 3 3 4
8 7 9 10

10 10
9 7 8 9 10 7 7 10 9 7
8 8 11 9 7 9 8 9 7 7

3 1
0 1 0
1

7 7
0 5 5 7 3 0 2
5 1 5 4 3 1 3

9 8
7 7 6 6 5 6 6 5 7
4 7 6 7 7 8 8 8

5 5
3 1 3 4 0
3 0 4 1 3

3 6
5 4 6
2 2 3 3 2 3

9 6
7 7 5 5 3 7 5 4 6
9 8 9 7 8 8

8 8
6 2 5 8 6 5 7 1
8 2 6 6 4 6 7 1

3 6
3 5 4
3 1 2 4 1 1

2 1
0 2
1

5 5
2 2 2 3 1
2 1 1 4 1

4 4
1 6 0 2
1 2 3 1

10 10
0 5 0 4 9 6 4 5 1 2
1 6 4 1 1 8 0 7 2 6

10 6
0 3 2 2 5 3 2 4 0 5
4 2 6 5 3 6

2 7
6 6
2 2 1 3 2 1 1

4 6
7 4 4 4
4 3 4 2 2 4

4 5
2 5 3 4
1 3 4 2 4

10 10
9 6 1 5 7 7 3 5 7 0
0 1 9 7 5 8 8 1 7 4

2 4
5 4
1 2 2 2

1 6
1
0 0 0 1 0 0

7 7
0 7 0 5 7 5 1
4 5 4 2 4 4 2

8 3
2 0 2 1 3 3 1 3
5 4 6

9 9
8 4 5 4 4 1 6 4 9
8 1 2 3 8 2 4 8 9

9 10
7 7 10 9 8 8 6 8 8
5 6 8 6 9 9 6 7 7 8

10 10
5 1 9 2 4 1 3 2 1 10
2 10 3 2 1 7 2 2 5 4

8 10
9 7 8 8 10 7 8 8
9 6 7 6 6 6 6 6 7 6

75 72
53 55 57 58 51 44 58 50 56 51 56 54 49 50 49 55 54 56 56 54 51 57 49 55 54 56 52 55 55 47 57 50 52 55 57 56 59 57 56 53 58 50 51 56 55 56 51 57 52 52 50 58 55 51 56 57 57 55 49 57 58 52 47 60 53 53 53 57 57 54 51 52 56 46 52
55 58 54 55 62 67 60 54 54 49 53 60 50 60 55 60 56 62 55 59 56 50 50 56 61 58 58 57 58 55 57 56 62 59 52 50 57 55 57 61 52 54 58 60 56 59 52 53 51 57 53 58 57 52 55 59 58 59 59 55 59 49 59 61 61 53 53 49 49 55 56 49

0 0
